# omch2 logA ns theta_MC_100 ombh2 tau A_planck
7.802051233699001485e-07 -2.883383607578475788e-06 -1.834035656056033660e-06 -3.513739042069272137e-08 -4.610560465282771024e-08 -2.258968590368104509e-06 -1.268027441152168610e-07
-2.883383607578475788e-06 2.083467801667557566e-04 1.108883058219561104e-05 4.498561958355551687e-07 3.594173729879935972e-07 9.802038266896040267e-05 8.969650934838930190e-06
-1.834035656056033660e-06 1.108883058219561104e-05 1.323773708808637129e-05 2.062161832063004864e-07 1.426039988980620935e-07 8.052385643405145905e-06 4.305720934956214162e-07
-3.513739042069272137e-08 4.498561958355551687e-07 2.062161832063004864e-07 8.389650855754711794e-08 9.791516837841053742e-09 2.065032500840795740e-07 1.744200516087714623e-08
-4.610560465282771024e-08 3.594173729879935972e-07 1.426039988980620935e-07 9.791516837841053742e-09 1.772179225460777214e-08 1.840461780207634936e-07 1.184584684036028594e-08
-2.258968590368104509e-06 9.802038266896040267e-05 8.052385643405145905e-06 2.065032500840795740e-07 1.840461780207634936e-07 5.383952655206124119e-05 -1.642579827201287364e-06
-1.268027441152168610e-07 8.969650934838930190e-06 4.305720934956214162e-07 1.744200516087714623e-08 1.184584684036028594e-08 -1.642579827201287364e-06 6.280351744170264117e-06
